1,044,117 1,071,371 1,103,174 1,137,639 1,089,075 1,162,313 1,194,453 1,227,136 1,270,125 1,213,507 1,285,173 1,313,223 1,341,254 1,387,463 1,331,778 1,407,880 1,443,355 1,469,236 1,500,891 1,455,340 1,513,134 1,550,952 1,561,412 1,564,582 1,547,520 1,522,732 1,507,524 1,505,576 1,519,419 1,513,813 1,523,817 1,530,174 1,542,710 1,568,616 1,541,329 1,570,505 1,581,257 1,593,362 1,605,988 1,587,778 1,596,935 1,585,518 1,577,147 1,591,657 1,587,814 1,586,844 1,576,359 1,581,196 1,592,132 1,584,133 1,579,731 1,576,002 1,580,693 1,594,208 1,582,658 1,598,281 1,606,705 1,612,834 1,620,671 1,609,623 1,613,041 1,597,292
1,268,024 1,278,384 1,308,972 1,363,931 1,304,828 1,409,476 1,421,096 1,445,142 1,505,899 1,445,403 1,549,447 1,557,679 1,585,013 1,643,169 1,583,827 1,689,829 1,696,790 1,709,957 1,765,459 1,715,509 1,809,253 1,816,002 1,826,961 1,850,956 1,825,793 1,825,454 1,783,608 1,783,314 1,819,518 1,802,973 1,844,889 1,836,406 1,853,062 1,896,667 1,857,756 1,938,560 1,922,781 1,938,116 1,978,171 1,944,407 2,009,453 1,973,111 1,964,169 1,997,223 1,985,989 2,019,383 1,989,519 1,990,445 2,012,652 2,003,000 2,017,561 1,993,791 1,988,029 2,015,733 2,003,779 2,044,252 2,033,748 2,038,431 2,056,013 2,043,111 2,060,024 2,024,087
21,543  22,169  22,470  23,464  22,411  25,259  26,945  25,498  26,912  26,153  27,930  28,771  26,820  27,576  27,774  30,306  31,829  28,746  30,240  30,280  31,829  33,988  30,487  30,893  31,799  31,138  30,760  29,159  30,158  30,304  31,567  33,368  30,254  30,513  31,426  32,511  33,713  30,912  31,326  32,115  30,812  31,058  30,440  31,483  30,948  32,084  33,221  32,252  32,229  32,446  31,839  32,737  32,051  32,638  32,316  33,425  33,923  32,386  31,924  32,915  31,275  30,673
304,867 314,736 322,461 335,340 319,351 342,760 353,728 362,486 379,502 359,619 388,257 397,774 404,142 417,762 401,984 424,370 432,742 437,960 454,638 437,427 463,202 470,542 473,022 479,509 471,569 467,791 460,434 459,618 468,677 464,130 478,679 480,897 482,485 494,826 484,222 503,254 507,863 511,472 521,119 510,927 517,874 509,600 506,439 515,919 512,458 517,962 514,325 514,846 519,741 516,719 515,935 509,353 508,502 511,803 511,398 516,697 516,134 517,314 521,892 518,009 523,969 517,903
44,083  45,622  46,771  47,708  46,046  49,880  54,289  56,822  57,208  54,550  56,188  57,289  58,358  59,208  57,761  59,277  63,282  64,142  64,334  62,759  64,926  66,582  66,772  67,058  66,335  64,603  65,036  65,353  66,576  65,392  65,625  66,382  66,184  67,603  66,448  68,290  69,949  70,994  72,460  70,423  71,541  71,558  71,311  72,029  71,610  71,514  71,504  71,737  72,622  71,844  71,805  72,335  72,942  73,959  72,760  74,320  76,420  78,254  78,349  76,836  77,418  76,896
38,787  40,144  40,236  41,805  40,243  43,947  46,269  47,477  48,655  46,587  48,145  49,775  48,857  49,672  49,112  51,762  54,817  55,010  55,251  54,210  55,760  58,621  59,780  60,975  58,784  60,750  62,587  62,533  60,414  61,571  59,465  60,500  61,307  62,441  60,928  62,835  66,411  67,348  67,855  66,112  68,454  70,435  70,166  70,110  69,791  69,598  72,053  75,059  76,604  73,329  74,464  76,048  76,706  76,741  75,990  76,140  79,042  80,694  79,211  78,772  76,160  77,539
67,021  68,811  69,107  72,665  69,401  74,972  76,946  76,966  82,648  77,883  84,724  86,411  87,011  90,875  87,255  92,190  93,014  93,118  95,778  93,525  96,245  97,287  96,467  97,257  96,814  94,268  91,560  90,150  91,244  91,806  91,636  91,027  92,369  95,082  92,528  96,730  95,930  95,817  97,546  96,506  96,674  94,903  95,249  97,577  96,101  96,859  94,796  95,842  99,263  96,690  99,478  98,264  100,018 103,374 100,283 103,758 102,047 105,278 108,043 104,782 106,224 101,544
83,761  87,440  90,109  92,429  88,435  93,101  97,493  100,882 105,028 99,126  103,466 107,598 110,135 115,093 109,073 111,689 115,386 118,493 127,592 118,290 120,734 123,763 125,166 132,782 125,611 122,019 124,222 125,724 134,338 126,576 124,226 127,580 130,049 136,811 129,667 129,991 134,672 137,514 145,456 136,908 137,962 137,980 137,714 145,228 139,721 138,200 138,413 139,750 143,343 139,927 138,099 139,223 140,818 146,975 141,279 141,215 142,923 145,247 148,917 144,576 139,707 139,035
12,650  12,986  13,465  14,842  13,486  16,054  17,178  17,792  17,666  17,172  17,086  17,447  18,132  19,191  17,964  20,105  20,402  21,085  21,354  20,737  20,505  20,925  20,556  21,212  20,800  20,928  21,281  22,397  22,203  21,702  22,170  22,433  23,288  24,245  23,034  24,362  25,563  26,885  26,856  25,917  26,549  26,155  25,653  25,771  26,032  25,573  25,933  26,637  27,967  26,528  27,600  27,681  26,812  26,644  27,184  26,651  27,937  29,433  29,336  28,339  27,363  27,332
39,150  36,589  40,000  41,165  39,226  41,148  38,165  40,668  42,928  40,727  42,143  39,521  42,986  44,399  42,262  43,220  41,540  44,874  47,008  44,161  45,646  43,842  47,444  48,770  46,425  50,412  48,346  52,564  54,347  51,417  53,046  50,032  53,286  56,157  53,130  56,037  52,432  55,109  59,128  55,677  58,759  52,970  54,904  58,588  56,305  57,857  54,020  56,307  59,829  57,003  59,557  54,097  57,171  61,977  58,200  63,040  56,319  58,051  60,997  59,602  61,195  54,426
26,661  26,787  27,183  27,694  27,081  28,666  29,588  30,689  31,557  30,125  31,583  31,792  31,811  33,189  32,094  34,009  35,350  36,940  37,690  35,997  37,042  36,867  36,314  36,660  36,721  36,070  35,832  36,209  36,530  36,160  35,779  35,355  34,694  35,243  35,268  36,146  37,205  37,473  37,712  37,134  36,623  36,404  36,051  36,773  36,463  37,292  37,333  37,355  37,234  37,304  36,367  36,559  36,823  37,380  36,782  37,176  37,749  38,463  38,883  38,068  39,285  39,423
20,311  20,775  20,892  21,498  20,869  23,987  24,515  23,326  23,974  23,950  26,334  26,110  24,349  24,765  25,390  28,264  28,042  26,202  26,357  27,216  29,269  29,566  26,560  25,685  27,770  28,479  27,108  26,102  25,969  26,914  31,284  30,781  27,411  27,993  29,367  33,581  33,713  29,175  28,716  31,296  31,926  30,121  28,307  28,597  29,738  34,244  32,888  30,353  29,705  31,798  32,320  31,233  29,583  29,453  30,647  35,337  34,460  30,852  29,491  32,535  34,472  31,620
167,454 163,250 160,157 162,363 163,306 171,073 164,869 159,387 167,163 165,623 179,586 175,322 170,819 176,949 175,669 189,113 187,573 182,027 186,912 186,406 196,186 193,357 186,807 189,558 191,477 240,011 226,740 220,138 223,902 227,698 239,741 234,372 228,073 235,610 234,449 253,145 250,257 244,799 249,622 249,456 261,644 257,613 249,191 253,068 255,379 268,279 262,565 249,546 250,457 257,712 261,357 258,056 248,986 253,780 255,545 267,388 264,476 256,218 255,845 260,982 262,276 254,398
62,928  67,185  68,450  67,740  66,576  70,029  75,902  77,962  77,326  75,305  78,808  83,258  83,195  81,583  81,711  84,293  87,954  89,923  86,964  87,283  86,235  90,076  90,436  87,203  88,487  85,583  89,932  90,309  86,816  88,160  86,964  91,114  91,910  89,933  89,980  92,736  99,344  100,121 97,761  97,490  97,069  101,248 100,596 98,518  99,358  100,385 105,657 105,969 103,438 103,862 102,127 108,029 107,921 105,164 105,810 107,720 116,047 117,361 110,789 112,979 107,957 113,552
61,085  59,622  61,008  62,980  61,174  69,239  68,205  70,555  73,626  70,406  79,314  77,411  78,928  81,854  79,377  88,063  87,916  87,215  89,140  88,084  92,230  90,194  91,442  93,132  91,750  94,053  87,258  86,494  86,566  88,593  89,915  86,620  87,549  89,330  88,354  93,451  90,156  91,061  92,179  91,712  94,386  91,627  92,610  94,570  93,298  99,158  96,227  98,950  101,237 98,893  106,764 104,345 106,764 110,339 107,053 116,545 114,327 116,323 116,735 115,982 117,313 113,187
76,512  65,737  65,851  68,496  69,149  85,588  75,119  74,411  76,871  77,998  95,772  81,655  80,373  82,540  85,085  102,753 87,569  85,684  87,849  90,964  108,890 93,436  90,550  91,830  96,177  111,937 92,663  89,550  91,935  96,521  111,559 96,194  92,906  94,365  98,756  114,571 101,120 99,642  101,439 104,193 114,587 102,464 101,482 103,691 105,556 117,113 106,353 106,458 107,089 109,253 118,436 108,480 109,644 111,696 112,064 122,556 114,963 115,073 115,591 117,046 121,545 112,425
68,715  68,036  69,492  66,758  68,250  68,278  63,460  62,408  66,305  65,113  69,835  65,772  66,460  71,032  68,275  74,631  71,839  72,920  77,123  74,128  79,040  76,119  77,471  82,324  78,739  102,781 100,988 102,846 107,222 103,459 107,675 105,076 106,341 110,929 107,505 113,203 110,667 112,669 117,399 113,485 114,617 109,254 110,245 114,489 112,151 113,469 107,946 110,409 117,963 112,447 118,895 113,563 116,783 122,343 117,896 124,330 119,343 120,213 124,012 121,974 122,196 115,622
50,639  49,652  49,045  53,181  50,629  57,177  56,915  55,690  58,443  57,056  63,258  64,196  62,994  66,093  64,136  69,909  69,907  68,195  70,068  69,520  74,380  75,060  72,884  74,995  74,330  76,411  74,445  72,275  73,114  74,062  76,201  75,555  75,254  78,986  76,499  83,892  84,879  85,309  88,007  85,522  90,562  90,346  90,531  93,088  91,132  96,916  96,694  92,563  91,705  94,469  88,916  84,969  84,090  85,274  85,812  87,131  87,225  85,440  84,407  86,051  84,870  83,758
39,222  39,371  40,589  42,476  40,414  44,053  44,096  44,619  45,940  44,677  46,899  46,686  47,578  49,242  47,601  50,521  51,536  51,716  53,922  51,924  54,218  54,269  54,501  55,837  54,706  53,285  52,252  52,585  54,475  53,149  55,482  54,831  54,502  56,195  55,253  56,619  56,184  56,410  57,905  56,779  58,357  57,970  57,137  57,697  57,790  57,811  57,962  57,943  59,048  58,191  59,589  59,022  59,262  60,285  59,539  62,912  64,689  65,147  64,150  64,225  62,341  60,445
32,566  32,348  32,009  35,404  33,082  39,062  38,433  37,341  42,547  39,346  47,140  46,161  43,772  48,044  46,279  52,464  54,235  51,374  54,585  53,164  55,984  56,951  54,014  55,594  55,636  55,485  53,342  51,628  52,713  53,292  54,150  52,792  52,932  55,458  53,833  58,677  58,793  58,235  61,076  59,195  62,756  61,837  60,123  61,676  61,598  63,209  62,190  60,756  62,230  62,096  62,991  63,237  62,698  64,412  63,335  64,944  65,113  65,022  65,817  65,224  63,289  59,991
338,599 348,290 356,517 372,886 354,073 378,007 388,326 397,147 414,896 394,594 417,908 425,125 429,329 444,149 429,128 444,187 453,842 457,928 472,448 457,101 474,251 481,600 481,303 486,824 480,995 470,446 465,767 463,383 473,013 468,152 471,801 476,771 479,974 491,220 479,942 492,655 501,692 506,215 514,780 503,836 510,019 511,461 506,163 512,877 510,130 511,574 514,919 513,603 518,707 514,701 510,696 515,239 514,999 520,060 515,249 517,309 524,622 524,167 527,309 523,352 520,670 520,651
26,609  28,089  29,273  29,202  28,293  28,953  30,277  33,568  34,926  31,931  34,143  34,391  34,951  35,511  34,749  35,666  37,527  39,139  39,901  38,058  40,284  41,999  43,389  44,323  42,499  43,093  43,765  44,450  43,796  43,776  43,980  46,368  48,029  47,457  46,459  47,115  49,245  49,987  49,402  48,937  48,167  48,620  49,145  49,327  48,815  49,225  50,677  50,953  52,277  50,783  51,875  53,973  53,266  52,171  52,821  51,945  53,082  53,274  53,188  52,872  52,117  51,955
18,487  19,190  19,554  21,185  19,604  21,535  21,909  22,407  24,699  22,638  25,196  25,726  25,591  27,694  26,052  27,478  28,326  28,847  30,593  28,811  29,067  30,065  30,412  30,641  30,046  27,666  26,370  26,273  28,557  27,217  29,032  29,902  31,017  33,464  30,854  33,030  34,642  36,581  38,530  35,696  36,987  38,242  39,395  41,566  39,048  40,826  41,034  42,172  43,533  41,891  40,166  39,981  40,797  41,298  40,561  38,973  40,617  43,141  45,850  42,145  41,760  40,270
85,732  104,704 111,232 96,980  99,662  94,911  118,509 124,946 109,385 111,938 103,421 126,321 133,017 121,389 121,037 113,607 139,143 146,296 142,548 135,399 136,631 168,652 166,838 154,122 156,561 136,440 160,270 164,045 153,481 153,559 136,120 159,439 164,215 154,094 153,467 145,216 167,588 171,513 165,525 162,461 154,991 171,280 174,546 162,808 165,906 155,255 172,178 171,497 158,457 164,347 150,417 164,160 169,993 164,707 162,319 159,770 173,278 176,610 170,528 170,046 163,510 175,846
979 657 383 15,793  4,453 25,291  32,283  37,089  37,981  33,161  43,327  46,259  48,543  48,932  46,765  53,018  55,817  55,889  56,994  55,429  60,874  63,627  63,407  64,559  63,117  0 0 0 0 0 0 0 0 0 0 0 0 0 0 0 0 0 0 0 0 0 0 0 0 0 0 0 0 0 0 0 0 0 0 0 0 0
