1,818.9 1,989.6 1,720.6 2,037.4 1,891.6 1,979.7 2,182.7 2,004.7 2,395.3 2,140.6 2,328.9 2,623.7 2,367.7 2,832.5 2,538.2 2,756.2 3,086.0 2,879.8 3,475.8 3,049.4 3,436.6 4,004.2 3,708.3 4,487.6 3,909.2 4,346.2 4,974.2 4,474.5 5,344.8 4,784.9 5,234.1 6,040.7 5,580.5 6,912.8 5,942.0 6,825.9 7,912.2 7,377.5 8,954.4 7,767.5 8,803.9 10,271.3  9,404.1 11,402.0  9,970.3 11,276.3  13,062.9  11,861.6  14,466.8  12,666.9  14,539.0  17,236.1  16,110.6  19,683.3  16,892.3  19,307.8  22,549.5  21,004.5  25,786.8  22,162.2  25,751.4  30,814.0
1,343.0 1,525.3 1,318.3 1,570.7 1,439.3 1,472.7 1,725.2 1,593.3 1,966.5 1,689.4 1,816.0 2,147.3 1,958.1 2,327.8 2,062.3 2,162.1 2,569.3 2,354.1 2,873.8 2,489.8 2,719.2 3,332.3 3,104.6 3,771.7 3,231.9 3,407.0 4,023.0 3,666.9 4,463.1 3,890.0 4,164.5 5,049.2 4,762.7 5,862.3 4,959.7 5,555.7 6,760.3 6,307.5 7,802.2 6,606.4 7,277.7 8,774.5 8,078.7 9,887.4 8,504.5 9,270.4 11,117.1  10,153.2  12,454.1  10,748.7  11,774.8  14,571.9  13,593.6  16,746.8  14,171.8  15,654.4  18,893.3  17,850.6  21,834.5  18,558.2  20,768.4  25,683.3
1,166.2 1,319.8 1,160.1 1,335.2 1,245.3 1,205.8 1,435.2 1,406.2 1,720.1 1,441.8 1,542.3 1,771.7 1,703.8 2,032.3 1,762.5 1,838.5 2,084.7 2,049.2 2,564.2 2,134.1 2,313.6 2,682.6 2,639.9 3,312.1 2,737.0 2,909.6 3,327.7 3,086.9 3,826.8 3,287.7 3,344.6 3,973.0 4,020.4 5,102.5 4,110.1 4,417.8 5,186.3 5,491.6 6,874.3 5,492.5 6,217.4 7,839.8 7,208.5 9,035.5 7,575.3 7,964.3 9,384.2 9,174.3 11,585.5  9,527.1 10,248.3  12,330.6  12,366.6  15,201.7  12,536.8  13,405.6  15,806.1  15,684.5  20,407.3  16,325.9  18,008.6  22,364.8
1,150.8 1,293.6 1,129.9 1,337.6 1,228.0 1,249.0 1,453.0 1,371.2 1,702.8 1,444.0 1,549.3 1,825.5 1,677.5 2,025.7 1,769.5 1,854.6 2,211.0 2,040.9 2,524.7 2,157.8 2,333.9 2,858.1 2,688.0 3,254.9 2,783.7 2,918.2 3,518.2 3,148.3 3,860.8 3,361.4 3,586.5 4,359.2 4,094.5 5,105.4 4,286.4 4,781.0 5,827.7 5,512.8 6,787.2 5,727.2 6,274.6 7,734.5 7,064.6 8,842.5 7,479.0 8,208.2 9,883.0 9,008.2 11,223.5  9,580.7 10,463.9  13,156.8  12,208.0  15,142.3  12,742.8  13,776.0  16,936.1  15,891.6  19,417.7  16,505.3  18,248.5  22,971.8
1,024.7 1,161.8 1,005.1 1,186.8 1,094.6 1,091.3 1,265.6 1,177.2 1,472.0 1,251.5 1,386.3 1,636.8 1,486.4 1,789.4 1,574.7 1,636.8 1,923.0 1,776.7 2,223.6 1,890.0 2,058.9 2,524.8 2,361.6 2,861.7 2,451.7 2,604.0 3,065.5 2,714.1 3,301.0 2,921.2 3,067.3 3,672.8 3,464.7 4,369.2 3,643.5 4,054.7 4,962.7 4,666.0 5,790.3 4,868.4 5,406.2 6,641.4 6,167.7 7,723.6 6,484.7 7,087.3 8,588.3 7,861.4 9,640.2 8,294.3 9,067.5 11,373.8  10,381.4  12,838.8  10,915.4  11,667.4  14,179.2  13,240.6  16,185.6  13,818.2  15,127.8  19,073.3
955.8 1,082.3 959.3 1,126.0 1,030.8 1,039.9 1,231.9 1,153.7 1,439.5 1,216.3 1,295.5 1,537.9 1,405.8 1,692.5 1,482.9 1,542.5 1,828.6 1,700.5 2,101.8 1,793.3 1,945.3 2,358.8 2,228.6 2,681.3 2,303.5 2,365.6 2,839.7 2,540.1 3,130.8 2,719.0 3,001.0 3,691.8 3,543.0 4,366.6 3,650.6 4,039.0 4,955.8 4,830.8 5,840.0 4,916.4 5,439.1 6,593.1 6,204.2 7,553.2 6,447.4 6,950.4 8,376.9 7,802.7 9,333.7 8,115.9 8,806.0 11,126.7  10,555.1  12,859.4  10,836.8  11,705.8  14,346.3  13,570.0  16,507.0  14,032.3  15,732.6  20,205.3
1,779.2 2,028.3 1,712.7 2,057.8 1,894.5 1,944.8 2,379.1 2,136.8 2,703.7 2,291.1 2,527.1 3,152.9 2,969.0 3,399.8 3,012.2 3,211.8 3,884.4 3,768.2 4,475.2 3,834.9 4,140.2 5,295.9 5,037.9 6,386.1 5,215.0 5,525.4 6,482.8 6,327.6 7,486.2 6,455.5 6,913.2 8,539.0 7,990.3 9,566.1 8,252.1 9,048.3 11,446.8  10,889.4  12,958.8  11,085.8  11,850.9  14,199.0  13,509.1  16,337.7  13,974.2  14,957.5  18,114.6  16,766.7  19,644.6  17,370.8  18,913.7  23,886.5  23,010.9  28,111.2  23,480.6  27,065.3  31,852.9  29,032.7  34,772.4  30,680.8  33,254.4  40,253.0
1,039.3 1,168.4 1,009.1 1,184.5 1,100.3 1,108.5 1,291.9 1,214.0 1,487.4 1,275.5 1,383.8 1,629.4 1,497.2 1,766.3 1,569.2 1,677.0 1,975.9 1,826.3 2,203.7 1,920.7 2,151.1 2,601.7 2,435.4 2,828.7 2,504.2 2,678.0 3,150.1 2,841.3 3,283.7 2,988.3 3,262.9 3,973.1 3,742.6 4,491.7 3,867.6 4,402.0 5,305.4 4,984.8 5,974.5 5,166.7 5,754.8 7,001.6 6,466.1 7,752.2 6,743.7 7,468.6 8,939.6 8,203.3 9,898.2 8,627.4 9,512.8 11,878.1  10,992.8  13,110.9  11,373.7  12,410.3  15,235.1  14,111.7  17,011.2  14,692.1  16,611.1  20,746.9
961.5 1,085.8 959.1 1,059.2 1,016.4 986.6 1,203.1 1,177.2 1,407.0 1,193.5 1,297.4 1,504.4 1,397.2 1,711.8 1,477.7 1,536.5 1,850.0 1,748.8 2,109.7 1,811.3 1,950.2 2,442.2 2,329.1 2,834.6 2,389.0 2,499.3 3,059.0 2,709.1 3,260.3 2,881.9 3,061.8 3,646.6 3,415.3 4,209.2 3,583.2 3,938.1 4,858.7 4,662.5 5,827.6 4,821.7 5,267.1 6,510.5 6,245.0 7,584.2 6,401.7 6,965.9 8,516.6 7,852.7 9,617.6 8,238.2 8,980.1 11,513.2  10,579.0  12,814.9  10,971.8  11,755.2  14,872.4  14,200.3  17,027.8  14,463.9  16,327.7  21,586.4
895.1 1,110.4 1,054.4 1,222.4 1,070.6 1,019.4 1,295.9 1,254.9 1,527.6 1,274.5 1,285.8 1,633.7 1,580.8 1,849.8 1,587.5 1,600.6 2,018.9 1,994.5 2,305.0 1,979.8 2,020.2 2,644.8 2,545.8 2,924.7 2,533.9 2,570.0 3,249.5 3,033.8 3,522.5 3,093.9 3,129.5 4,068.4 3,820.4 4,597.0 3,903.8 4,100.2 5,488.4 5,329.8 6,420.6 5,334.8 5,542.8 7,194.0 6,744.7 8,006.8 6,872.1 7,149.7 9,032.9 8,670.1 9,988.0 8,710.2 8,878.0 11,696.3  11,448.0  13,550.1  11,393.1  11,602.3  15,523.5  15,064.4  17,967.2  15,039.4  15,732.3  21,191.5
1,089.1 1,206.3 1,059.7 1,230.7 1,146.5 1,162.7 1,350.9 1,253.2 1,555.7 1,330.6 1,435.0 1,716.3 1,559.6 1,851.5 1,640.6 1,713.7 2,004.4 1,907.3 2,370.8 1,999.0 2,223.1 2,754.8 2,643.5 3,134.2 2,688.9 2,838.5 3,390.6 3,015.4 3,644.3 3,222.2 3,469.9 4,252.0 4,038.7 5,013.1 4,193.4 4,711.7 5,619.1 5,343.8 6,674.2 5,587.2 6,282.4 7,526.3 7,058.8 8,705.8 7,393.3 8,075.7 9,693.4 8,939.4 10,935.1  9,410.9 10,523.9  13,002.2  12,332.9  14,871.2  12,682.6  13,789.0  16,573.2  15,714.3  19,191.2  16,316.9  17,946.8  22,382.0
1,156.2 1,298.8 1,145.8 1,391.3 1,248.0 1,160.1 1,439.8 1,340.3 1,681.8 1,405.5 1,398.1 1,691.0 1,624.5 1,976.3 1,672.5 1,663.0 2,060.0 1,925.0 2,444.0 2,023.0 2,029.7 2,566.1 2,478.9 3,106.0 2,545.2 2,536.7 3,039.3 2,856.1 3,589.0 3,005.3 2,927.3 3,717.7 3,651.8 4,691.3 3,747.0 3,860.8 4,841.3 4,816.2 6,214.6 4,933.2 5,313.7 6,727.4 6,552.5 8,398.1 6,747.9 6,613.1 8,428.7 8,325.9 10,583.2  8,487.7 8,907.5 11,339.0  10,865.6  13,644.4  11,189.1  10,487.1  13,438.8  14,003.0  17,774.6  13,925.9  14,152.4  19,391.6
1,058.9 1,220.1 1,092.6 1,232.3 1,151.0 1,156.6 1,369.0 1,291.2 1,575.7 1,348.1 1,437.0 1,730.5 1,606.7 1,900.0 1,668.6 1,739.8 2,095.7 1,968.9 2,369.6 2,043.5 2,218.9 2,728.8 2,632.8 3,096.6 2,669.3 2,795.1 3,367.3 3,098.4 3,688.5 3,237.3 3,381.3 4,196.0 3,940.2 4,811.0 4,082.2 4,451.0 5,545.8 5,314.8 6,395.1 5,426.7 5,915.7 7,348.3 7,090.1 8,562.0 7,229.0 7,561.6 9,215.8 8,583.7 10,297.8  8,914.7 9,481.6 11,977.7  11,450.4  13,741.7  11,662.8  12,548.9  15,504.7  14,782.9  17,889.1  15,181.4  16,334.2  20,741.6
1,024.2 1,122.8 1,020.0 1,185.7 1,088.2 1,114.8 1,328.1 1,180.3 1,487.3 1,277.6 1,365.5 1,591.6 1,475.3 1,814.5 1,561.7 1,664.4 1,950.4 1,808.3 2,226.2 1,912.3 2,057.0 2,463.7 2,314.4 2,826.3 2,415.4 2,537.1 2,957.0 2,664.1 3,403.0 2,890.3 3,051.1 3,673.5 3,472.5 4,405.4 3,650.6 4,166.5 4,862.9 4,621.7 5,807.4 4,864.6 5,307.5 6,379.3 6,042.8 8,057.5 6,446.8 6,937.8 8,084.2 7,568.0 9,297.1 7,971.8 8,628.5 10,519.3  10,087.7  12,486.1  10,430.4  11,643.7  13,595.3  12,964.8  16,150.5  13,588.6  14,978.9  18,354.9
1,935.2 2,175.6 1,910.3 2,147.0 2,042.0 2,058.3 2,406.4 2,208.1 2,800.1 2,368.2 2,571.4 3,107.1 2,838.9 3,367.6 2,971.2 3,155.1 3,721.4 3,763.9 4,445.5 3,771.5 4,166.8 5,253.4 5,074.1 5,821.0 5,078.8 5,241.8 6,224.5 5,854.9 7,033.6 6,088.7 6,465.9 8,022.0 7,439.6 9,146.1 7,768.4 8,574.9 11,228.7  10,011.9  12,071.5  10,471.8  11,140.9  13,671.1  12,627.4  15,662.6  13,275.5  14,512.0  18,044.8  16,719.2  20,292.4  17,392.1  19,696.0  24,787.2  23,452.6  28,941.8  24,219.4  27,795.9  33,043.3  30,275.2  35,716.2  31,707.6  33,833.7  41,019.5
1,181.0 1,322.8 1,187.0 1,345.5 1,259.1 1,329.7 1,539.9 1,437.0 1,721.4 1,507.0 1,647.9 1,929.0 1,808.8 2,115.0 1,875.2 2,023.2 2,374.4 2,267.7 2,705.5 2,342.7 2,537.2 3,161.2 3,036.9 3,513.6 3,062.2 3,184.9 3,816.4 3,486.5 4,095.1 3,645.7 3,827.2 4,637.4 4,475.4 5,347.2 4,571.8 5,022.0 6,293.3 5,978.1 7,288.9 6,145.6 6,548.7 8,298.2 7,937.9 9,511.7 8,074.1 8,577.7 10,787.4  10,087.5  12,113.7  10,391.6  11,117.4  14,411.1  13,740.1  16,628.2  13,974.2  15,111.4  18,966.2  18,078.7  21,706.1  18,465.6  19,718.5  24,995.8
979.8 1,141.7 1,010.0 1,146.0 1,069.4 1,062.3 1,342.8 1,284.1 1,507.8 1,299.3 1,368.1 1,719.5 1,582.3 1,809.5 1,619.9 1,644.5 2,045.9 1,893.8 2,246.2 1,957.6 2,069.6 2,677.5 2,481.9 2,882.5 2,527.9 2,599.9 3,165.6 2,891.8 3,409.4 3,016.7 3,189.2 3,962.5 3,660.7 4,391.9 3,801.1 4,080.2 5,074.6 4,785.4 5,765.7 4,926.5 5,365.8 6,699.5 6,172.4 7,447.4 6,421.3 6,930.0 8,539.9 7,902.6 9,265.9 8,159.6 8,701.1 11,048.6  10,356.0  12,445.3  10,637.8  11,555.7  14,511.0  13,617.1  16,311.1  13,998.7  15,252.9  19,881.4
1,042.6 1,200.9 1,091.3 1,293.1 1,157.0 1,181.9 1,449.9 1,380.3 1,655.5 1,416.9 1,473.8 1,734.0 1,620.0 1,951.0 1,694.7 1,772.3 2,101.2 1,977.2 2,456.4 2,076.8 2,219.0 2,718.3 2,577.0 3,071.3 2,646.4 2,759.6 3,257.9 2,977.8 3,525.7 3,130.2 3,302.8 4,050.0 3,791.0 4,662.6 3,951.6 4,505.7 5,593.4 5,385.1 6,689.2 5,543.4 6,661.2 8,289.7 7,944.9 9,522.3 8,104.5 9,221.1 11,245.7  10,082.8  11,847.0  10,599.2  10,522.2  12,645.2  11,690.5  14,199.2  12,264.3  13,416.5  15,822.6  14,873.5  17,901.0  15,503.4  17,507.7  21,046.6
1,241.5 1,430.2 1,242.9 1,503.4 1,354.5 1,368.6 1,643.3 1,520.2 1,939.3 1,617.9 1,716.9 2,072.2 1,891.6 2,290.9 1,992.9 2,034.2 2,509.4 2,271.5 2,802.3 2,404.4 2,577.8 3,187.9 2,992.6 3,642.7 3,100.2 3,207.5 3,819.0 3,482.4 4,302.7 3,702.9 3,933.9 4,916.5 4,592.2 5,636.1 4,769.7 5,194.6 6,437.8 6,034.3 7,575.8 6,310.6 6,926.9 8,355.3 7,775.2 9,693.5 8,187.7 8,967.1 10,803.2  9,804.3 12,112.7  10,421.8  10,865.2  13,614.7  12,752.3  15,995.4  13,306.9  13,978.9  16,996.0  15,932.4  20,211.3  16,779.6  18,657.1  24,275.0
1,964.3 2,366.4 1,963.0 2,205.4 2,124.8 2,188.1 2,691.2 2,361.8 2,929.0 2,542.5 2,883.5 3,619.6 3,407.0 3,716.2 3,406.6 3,631.8 4,563.3 4,321.4 5,057.3 4,393.5 4,725.2 6,263.8 6,006.4 6,894.1 5,972.4 6,264.2 7,680.6 7,428.0 8,387.8 7,440.1 7,758.2 9,691.8 9,351.1 10,856.4  9,414.4 10,290.6  13,330.7  12,597.9  14,587.9  12,701.7  13,099.7  16,322.9  15,773.7  18,750.1  15,986.6  17,464.1  21,175.8  20,284.6  23,508.7  20,608.3  22,654.7  28,009.5  27,917.5  32,949.3  27,882.8  31,592.2  36,930.2  35,945.8  41,355.2  36,455.9  39,147.1  48,777.6
1,172.3 1,364.5 1,166.9 1,380.8 1,271.1 1,295.9 1,508.4 1,419.6 1,752.0 1,494.0 1,634.1 1,909.2 1,776.2 2,120.2 1,859.9 1,979.4 2,358.1 2,188.1 2,684.0 2,302.4 2,524.6 3,078.4 2,901.3 3,476.1 2,995.1 3,139.0 3,725.8 3,387.3 4,104.1 3,589.0 3,875.8 4,739.2 4,440.2 5,480.4 4,633.9 5,210.8 6,317.6 5,944.9 7,278.3 6,187.9 6,817.8 8,285.6 7,593.7 9,338.0 8,008.8 8,751.3 10,555.2  9,679.3 11,837.3  10,205.7  11,170.7  14,015.0  12,981.6  15,809.6  13,494.2  14,685.2  17,941.6  17,001.9  20,657.4  17,571.5  19,631.3  24,408.6
892.5 1,001.9 897.5 1,033.0 956.2 965.5 1,147.7 1,077.4 1,319.1 1,127.4 1,229.2 1,457.0 1,329.8 1,595.0 1,402.8 1,474.9 1,773.4 1,633.9 2,013.4 1,723.9 1,864.9 2,304.1 2,164.7 2,577.1 2,227.7 2,316.8 2,766.7 2,512.8 3,032.8 2,657.2 2,847.6 3,407.4 3,223.0 3,959.7 3,359.4 3,709.9 4,607.5 4,414.6 5,347.0 4,519.8 4,975.1 6,058.7 5,742.9 6,998.0 5,943.7 6,452.3 7,663.9 7,255.6 8,879.6 7,562.8 8,343.9 10,448.5  9,748.4 11,580.9  10,030.4  10,674.1  13,174.3  12,281.3  14,804.4  12,733.5  13,829.3  18,105.4
1,875.6 2,129.8 1,917.3 2,361.4 2,071.0 2,113.9 2,502.8 2,320.1 2,985.7 2,480.6 2,743.6 3,221.7 3,030.6 3,567.8 3,140.9 3,129.6 3,888.8 3,781.0 4,735.2 3,883.6 4,062.1 5,161.3 5,096.5 6,278.3 5,149.5 5,222.5 6,352.5 5,898.9 7,461.7 6,233.9 6,479.2 8,152.4 8,134.1 10,456.7  8,305.6 8,894.1 11,058.0  11,080.5  14,106.1  11,284.7  11,662.3  14,175.6  14,443.4  18,760.2  14,760.4  14,771.5  17,709.7  17,872.8  23,466.0  18,455.0  18,410.6  23,799.7  23,894.7  31,067.8  24,293.2  25,694.9  32,141.5  32,121.8  41,553.6  32,878.0  33,331.9  42,485.8
1,053.2 1,098.0 1,000.2 1,231.9 1,095.8 1,138.5 1,217.0 1,212.1 1,516.0 1,270.9 1,384.4 1,531.3 1,454.7 1,748.4 1,529.7 1,641.3 1,819.5 1,715.8 2,036.3 1,803.2 1,944.7 2,268.5 2,163.7 2,599.4 2,244.1 2,434.3 2,736.7 2,520.9 3,033.5 2,681.4 3,008.4 3,501.0 3,348.3 4,154.2 3,503.0 4,025.4 4,698.1 4,574.6 5,596.8 4,723.7 5,363.9 6,252.8 5,866.2 7,384.4 6,216.8 6,995.3 7,933.0 7,385.8 9,380.7 7,923.7 8,966.1 10,482.0  9,856.3 12,504.2  10,452.2  11,617.9  13,458.5  12,886.0  16,127.6  13,522.5  15,393.1  18,032.5
791.4 855.0 791.8 1,598.1 1,009.1 1,329.0 1,454.9 1,358.7 1,775.5 1,479.5 1,569.2 1,844.5 1,737.6 2,104.9 1,814.1 1,890.4 2,207.9 2,161.3 2,636.1 2,224.0 2,350.1 2,776.4 2,776.5 3,431.2 2,833.6 0.0 0.0 0.0 0.0 0.0 0.0 0.0 0.0 0.0 0.0 0.0 0.0 0.0 0.0 0.0 0.0 0.0 0.0 0.0 0.0 0.0 0.0 0.0 0.0 0.0 0.0 0.0 0.0 0.0 0.0 0.0 0.0 0.0 0.0 0.0 0.0 0.0
