1,417.5 1,513.0 1,304.9 1,555.6 1,447.7 1,560.4 1,677.4 1,535.5 1,807.2 1,645.1 1,795.7 1,987.5 1,792.9 2,139.9 1,929.0 2,122.8 2,321.7 2,146.3 2,590.9 2,295.4 2,551.6 2,903.6 2,688.5 3,251.2 2,848.7 3,162.0 3,550.8 3,210.5 3,809.4 3,433.2 3,787.8 4,317.1 3,985.4 4,938.2 4,257.1 4,909.1 5,632.9 5,217.5 6,318.4 5,519.5 6,322.9 7,235.0 6,648.7 8,003.7 7,052.6 8,003.1 9,160.5 8,343.4 10,157.4  8,916.1 10,302.9  12,014.6  11,247.8  13,721.7  11,821.7  13,597.1  15,654.3  14,616.9  17,870.0  15,434.6  18,078.7  21,307.3
1,033.3 1,142.0 985.3 1,181.1 1,085.4 1,145.5 1,304.0 1,196.6 1,456.6 1,275.7 1,369.8 1,594.9 1,454.4 1,717.2 1,534.1 1,619.9 1,891.8 1,730.5 2,115.4 1,839.4 1,978.5 2,379.4 2,221.3 2,704.0 2,320.8 2,451.4 2,858.7 2,625.3 3,161.0 2,774.1 2,967.5 3,563.5 3,342.7 4,105.5 3,494.8 3,916.5 4,732.7 4,373.7 5,419.1 4,610.5 5,126.9 6,086.2 5,626.0 6,833.9 5,918.3 6,435.9 7,673.6 7,036.0 8,604.1 7,437.4 8,169.0 9,982.6 9,326.5 11,555.4  9,758.4 10,869.4  13,003.3  12,347.3  15,033.2  12,813.3  14,395.7  17,627.6
890.9 979.9 863.2 1,001.4 933.8 945.1 1,085.1 1,046.7 1,263.4 1,085.1 1,156.6 1,300.5 1,249.6 1,484.7 1,297.9 1,384.3 1,525.8 1,491.9 1,881.6 1,570.9 1,685.9 1,913.8 1,882.0 2,375.6 1,964.3 2,087.6 2,343.2 2,191.0 2,701.3 2,330.8 2,366.7 2,781.7 2,832.2 3,594.6 2,893.8 3,121.1 3,626.1 3,815.2 4,790.2 3,838.1 4,381.7 5,546.3 5,069.3 6,304.9 5,325.5 5,548.1 6,485.7 6,386.8 8,046.7 6,616.8 7,104.2 8,392.8 8,476.4 10,473.4  8,611.7 9,285.2 10,723.6  10,759.7  14,181.8  11,237.6  12,341.2  15,066.6
887.0 969.1 845.7 1,005.2 926.7 974.6 1,096.6 1,025.9 1,256.1 1,088.3 1,160.8 1,347.2 1,241.7 1,488.6 1,309.6 1,379.2 1,617.9 1,497.5 1,856.8 1,587.8 1,695.0 2,029.8 1,919.3 2,325.4 1,992.4 2,092.1 2,496.3 2,242.2 2,732.6 2,390.8 2,554.7 3,065.4 2,890.1 3,595.0 3,026.3 3,383.9 4,091.9 3,836.3 4,710.1 4,005.5 4,418.4 5,352.7 4,914.5 6,105.5 5,197.8 5,679.2 6,793.4 6,237.6 7,757.2 6,616.9 7,212.6 8,960.5 8,373.6 10,495.4  8,760.5 9,539.6 11,621.7  10,986.1  13,316.9  11,366.1  12,582.8  15,700.0
792.1 868.3 747.7 889.8 824.5 843.6 944.8 873.5 1,077.6 934.9 1,025.9 1,193.2 1,083.8 1,296.3 1,149.8 1,192.0 1,384.6 1,282.7 1,603.0 1,365.6 1,457.0 1,760.8 1,654.6 2,006.8 1,719.8 1,829.0 2,133.1 1,902.1 2,303.5 2,041.9 2,144.8 2,557.0 2,435.8 3,061.8 2,549.8 2,834.4 3,463.4 3,224.1 3,977.3 3,374.8 3,760.0 4,554.1 4,264.0 5,302.7 4,470.2 4,860.4 5,876.6 5,417.2 6,624.6 5,694.7 6,206.4 7,692.1 7,036.8 8,868.1 7,450.8 8,034.5 9,714.0 9,103.3 11,037.5  9,472.3 10,347.5  12,934.3
733.3 800.8 712.5 838.3 771.2 808.7 922.3 850.0 1,051.0 908.0 954.8 1,120.4 1,022.2 1,221.9 1,079.8 1,115.5 1,314.7 1,230.7 1,522.0 1,295.7 1,390.6 1,650.1 1,566.1 1,892.9 1,624.9 1,669.0 2,002.5 1,804.6 2,213.3 1,922.4 2,132.9 2,604.5 2,545.0 3,134.0 2,604.1 2,904.5 3,546.4 3,440.5 4,149.0 3,510.1 3,922.1 4,746.0 4,526.9 5,458.3 4,663.3 5,007.5 6,038.9 5,669.9 6,785.8 5,875.5 6,350.0 7,858.5 7,453.6 9,065.8 7,682.0 8,202.4 9,942.2 9,469.8 11,389.9  9,751.1 10,872.3  13,833.5
1,349.1 1,497.0 1,254.7 1,511.7 1,403.1 1,466.1 1,766.6 1,573.2 1,997.3 1,700.8 1,882.0 2,335.0 2,212.3 2,506.2 2,233.9 2,386.0 2,856.5 2,750.6 3,244.7 2,809.4 2,967.4 3,801.0 3,642.9 4,670.4 3,770.5 3,992.9 4,627.8 4,677.4 5,434.2 4,683.1 5,065.7 6,244.5 5,914.6 6,991.2 6,054.0 6,672.0 8,491.6 8,054.4 9,494.1 8,178.0 8,689.1 10,213.3  9,871.0 11,793.3  10,141.7  10,835.3  13,041.4  12,186.0  14,103.6  12,541.6  13,790.0  16,967.5  16,389.8  19,910.4  16,764.4  19,608.9  22,707.3  20,907.9  24,807.3  22,007.9  23,968.8  28,400.3
803.8 876.4 754.8 886.9 830.5 856.3 968.7 896.8 1,084.8 951.6 1,022.1 1,190.2 1,097.6 1,284.1 1,148.5 1,235.2 1,434.4 1,328.4 1,604.5 1,400.6 1,541.8 1,830.0 1,718.5 2,004.2 1,773.6 1,902.2 2,220.2 2,013.7 2,314.7 2,112.7 2,304.3 2,770.4 2,608.2 3,121.4 2,701.1 3,061.4 3,669.6 3,412.3 4,073.5 3,554.2 3,962.1 4,757.2 4,420.7 5,254.6 4,598.7 5,048.4 6,034.3 5,578.4 6,701.7 5,840.7 6,422.9 7,948.7 7,400.3 9,059.5 7,707.9 8,591.6 10,487.1  9,758.1 11,715.1  10,138.0  11,477.4  14,189.1
739.8 805.9 707.2 770.8 755.9 736.9 875.3 857.7 1,006.4 869.1 937.1 1,075.5 998.5 1,230.5 1,060.4 1,095.3 1,311.3 1,238.9 1,493.9 1,284.9 1,362.4 1,679.9 1,611.3 1,984.6 1,659.6 1,738.9 2,119.0 1,886.2 2,263.1 2,001.8 2,139.2 2,543.4 2,428.3 2,974.3 2,521.3 2,790.1 3,410.9 3,252.4 4,044.4 3,374.5 3,688.8 4,517.0 4,321.7 5,190.7 4,429.5 4,767.2 5,832.8 5,425.4 6,595.1 5,655.1 6,126.5 7,761.7 7,149.1 8,706.2 7,435.9 7,981.9 9,974.6 9,589.2 11,485.3  9,757.8 11,027.7  14,334.6
679.4 821.3 777.8 899.5 794.5 770.3 956.2 919.2 1,112.9 939.7 937.7 1,179.9 1,143.9 1,341.7 1,150.8 1,156.9 1,453.3 1,430.0 1,663.1 1,425.8 1,427.3 1,852.6 1,781.9 2,067.6 1,782.3 1,802.3 2,272.4 2,144.0 2,492.6 2,177.8 2,212.6 2,868.8 2,697.1 3,243.3 2,755.4 2,905.8 3,868.8 3,712.3 4,486.6 3,743.4 3,900.4 5,022.1 4,715.3 5,611.5 4,812.3 5,090.9 6,312.4 6,176.2 7,119.4 6,174.7 6,364.1 8,119.5 8,031.4 9,551.4 8,016.6 8,251.8 10,665.0  10,476.1  12,552.2  10,486.2  11,108.6  14,468.1
833.6 882.9 775.7 903.7 849.0 883.8 995.6 912.6 1,115.8 976.9 1,048.0 1,240.7 1,128.2 1,327.6 1,186.1 1,236.2 1,432.5 1,368.8 1,703.2 1,435.2 1,567.7 1,907.9 1,847.8 2,193.9 1,879.3 1,995.5 2,374.3 2,131.7 2,562.6 2,266.0 2,444.9 2,985.7 2,836.4 3,521.7 2,947.2 3,313.5 3,941.7 3,725.0 4,627.7 3,902.0 4,431.3 5,191.7 4,906.7 5,974.0 5,125.9 5,537.0 6,647.9 6,180.2 7,525.4 6,472.6 7,224.1 8,800.0 8,406.3 10,326.6  8,689.3 9,588.4 11,405.3  10,949.1  13,299.9  11,310.7  12,446.5  15,320.8
896.3 969.6 857.4 1,044.4 941.9 902.1 1,088.5 995.5 1,228.3 1,053.6 1,032.0 1,233.0 1,190.9 1,432.3 1,222.1 1,215.6 1,500.2 1,392.5 1,762.7 1,467.8 1,442.0 1,803.5 1,746.4 2,180.8 1,793.2 1,776.0 2,115.9 2,006.2 2,514.6 2,103.2 2,052.8 2,598.7 2,580.1 3,303.8 2,633.9 2,730.0 3,409.8 3,366.7 4,316.7 3,455.8 3,723.7 4,642.3 4,572.5 5,785.8 4,681.1 4,554.9 5,787.6 5,760.8 7,323.1 5,856.6 6,171.1 7,749.4 7,378.5 9,307.9 7,651.7 7,206.4 9,145.9 9,614.7 12,020.1  9,496.8 9,667.7 13,155.4
809.2 909.3 813.7 924.4 864.1 900.3 1,032.9 962.4 1,160.7 1,014.1 1,072.4 1,272.6 1,184.7 1,392.8 1,230.6 1,291.0 1,534.6 1,447.1 1,741.6 1,503.6 1,606.3 1,942.8 1,889.6 2,218.1 1,914.2 2,001.3 2,399.7 2,223.7 2,623.4 2,312.0 2,407.6 2,970.4 2,808.4 3,405.5 2,898.0 3,158.4 3,938.6 3,749.6 4,486.2 3,833.2 4,208.3 5,150.6 4,981.4 5,960.1 5,075.1 5,296.3 6,441.1 6,004.6 7,160.9 6,225.7 6,648.1 8,264.7 7,899.3 9,458.2 8,067.6 8,754.8 10,678.5  10,195.4  12,216.3  10,461.3  11,206.8  14,056.8
780.4 828.7 758.3 879.6 811.8 857.6 998.1 871.2 1,079.2 951.5 999.3 1,151.7 1,070.1 1,308.1 1,132.3 1,200.0 1,396.5 1,297.7 1,601.1 1,373.8 1,446.9 1,701.7 1,611.4 1,972.3 1,683.1 1,767.7 2,049.4 1,857.0 2,373.2 2,011.8 2,132.5 2,549.0 2,424.3 3,077.9 2,545.9 2,920.7 3,380.1 3,177.8 3,982.6 3,365.3 3,674.3 4,358.2 4,157.8 5,582.7 4,443.3 4,740.0 5,500.6 5,189.3 6,352.1 5,445.5 5,875.0 7,068.8 6,828.1 8,547.8 7,079.9 8,064.0 9,432.9 9,084.6 11,222.8  9,451.1 10,440.9  12,798.7
1,504.4 1,633.2 1,430.4 1,595.2 1,540.8 1,579.3 1,803.3 1,639.4 2,109.8 1,782.9 1,964.8 2,335.1 2,126.7 2,527.5 2,238.5 2,393.5 2,777.8 2,782.1 3,279.3 2,808.2 3,064.1 3,840.1 3,751.1 4,262.8 3,729.5 3,849.9 4,547.7 4,368.5 5,171.7 4,484.5 4,778.3 5,954.3 5,557.9 6,733.7 5,756.1 6,318.0 8,385.5 7,379.6 8,881.8 7,741.2 8,178.6 9,867.9 9,183.8 11,326.0  9,639.1 10,510.7  13,062.4  12,213.1  14,732.2  12,629.6  14,529.5  17,887.7  16,949.4  20,848.5  17,553.8  20,550.3  23,980.8  22,250.9  25,674.0  23,114.0  24,308.2  29,115.4
898.7 978.6 876.5 992.2 936.5 1,015.7 1,144.1 1,055.3 1,255.3 1,117.6 1,219.7 1,409.0 1,323.0 1,538.6 1,372.6 1,482.6 1,726.2 1,649.3 1,965.1 1,705.8 1,814.2 2,234.0 2,157.5 2,490.6 2,174.1 2,252.8 2,699.3 2,494.0 2,906.8 2,588.2 2,713.0 3,298.4 3,223.7 3,819.4 3,263.7 3,568.5 4,501.9 4,261.6 5,184.2 4,379.1 4,665.2 5,846.8 5,597.9 6,654.0 5,691.0 5,973.2 7,505.6 7,092.1 8,478.0 7,262.2 7,725.3 9,927.7 9,508.8 11,544.0  9,676.5 10,575.5  13,092.9  12,607.0  14,939.3  12,803.7  13,566.3  17,003.6
749.9 848.2 747.3 852.1 799.4 815.4 1,011.0 962.3 1,109.4 974.6 1,014.6 1,265.8 1,167.2 1,324.4 1,193.0 1,206.2 1,487.7 1,375.0 1,626.9 1,423.9 1,480.7 1,887.8 1,755.3 2,039.3 1,790.8 1,834.1 2,221.0 2,048.7 2,401.6 2,126.3 2,258.9 2,802.1 2,620.2 3,126.4 2,701.9 2,912.3 3,603.4 3,368.2 4,039.7 3,480.9 3,791.9 4,675.5 4,339.6 5,195.8 4,500.7 4,899.9 5,952.6 5,574.7 6,562.4 5,747.4 6,198.3 7,631.6 7,204.8 8,736.6 7,442.8 8,186.0 10,025.1  9,456.2 11,345.8  9,753.3 10,683.2  13,575.9
810.9 903.6 823.4 983.4 880.3 939.6 1,108.6 1,052.9 1,233.6 1,083.7 1,118.9 1,287.4 1,202.4 1,437.3 1,261.5 1,325.5 1,537.2 1,448.9 1,804.5 1,529.0 1,597.4 1,916.3 1,830.6 2,175.8 1,880.0 1,954.5 2,282.3 2,115.6 2,489.8 2,210.6 2,326.9 2,831.4 2,665.8 3,261.4 2,771.4 3,162.0 3,914.4 3,752.7 4,637.1 3,866.6 4,689.4 5,778.8 5,577.2 6,613.6 5,664.8 6,458.6 7,831.5 7,100.6 8,345.3 7,434.0 7,350.2 8,662.9 8,003.8 9,722.5 8,434.8 9,249.2 10,780.0  10,221.1  12,152.1  10,600.6  12,050.8  14,177.1
956.7 1,060.6 923.2 1,115.0 1,013.9 1,058.8 1,223.8 1,123.9 1,408.9 1,203.9 1,262.7 1,506.7 1,379.1 1,657.8 1,451.6 1,483.9 1,810.0 1,642.9 2,018.7 1,738.9 1,836.5 2,225.2 2,097.3 2,558.3 2,179.3 2,258.2 2,667.1 2,450.6 2,993.7 2,592.4 2,730.9 3,389.9 3,190.3 3,917.1 3,307.0 3,623.8 4,466.7 4,152.1 5,226.6 4,367.3 4,829.8 5,738.0 5,381.8 6,664.9 5,653.6 6,215.2 7,420.7 6,782.0 8,358.8 7,194.2 7,499.1 9,270.9 8,677.3 10,895.3  9,085.7 9,562.2 11,557.3  10,920.3  13,763.4  11,450.8  12,698.8  16,493.9
1,480.8 1,747.9 1,431.6 1,610.7 1,567.7 1,643.6 2,005.1 1,746.7 2,175.0 1,892.6 2,177.4 2,718.7 2,583.5 2,732.9 2,553.1 2,699.2 3,381.4 3,157.1 3,699.0 3,234.2 3,419.8 4,554.8 4,426.4 5,029.3 4,357.6 4,542.1 5,536.9 5,525.8 6,101.0 5,426.4 5,687.7 7,129.0 7,002.7 7,990.9 6,952.6 7,591.3 9,936.8 9,326.1 10,748.7  9,400.7 9,638.2 11,873.1  11,585.1  13,537.5  11,658.5  12,650.9  15,313.0  14,864.5  17,034.6  14,965.8  16,658.2  19,965.4  20,082.1  23,540.1  20,061.4  23,115.6  26,495.7  26,035.0  29,510.8  26,289.3  28,124.8  34,535.9
894.3 1,021.1 867.8 1,031.9 953.8 1,003.4 1,132.1 1,057.5 1,284.0 1,119.2 1,218.1 1,403.7 1,309.2 1,552.8 1,371.0 1,468.9 1,723.9 1,599.4 1,967.2 1,689.9 1,825.9 2,178.5 2,061.1 2,466.4 2,133.0 2,238.4 2,635.6 2,415.8 2,897.0 2,546.7 2,739.3 3,316.3 3,083.7 3,800.2 3,234.9 3,623.8 4,365.8 4,067.2 4,966.9 4,255.9 4,724.6 5,646.4 5,205.7 6,355.3 5,483.0 5,968.2 7,180.2 6,606.0 8,073.8 6,957.1 7,601.5 9,474.7 8,785.6 10,846.3  9,177.0 10,116.1  12,304.0  11,732.8  14,161.2  12,078.5  13,507.2  16,565.9
684.6 747.5 668.3 767.5 717.0 734.9 850.7 792.2 957.1 833.7 900.1 1,057.5 967.4 1,149.7 1,018.7 1,061.3 1,270.7 1,178.2 1,453.4 1,240.9 1,319.2 1,604.6 1,516.0 1,811.8 1,562.9 1,626.7 1,942.5 1,770.0 2,127.9 1,866.8 2,001.6 2,386.4 2,282.6 2,800.8 2,367.8 2,633.3 3,261.7 3,097.7 3,734.5 3,181.8 3,508.6 4,222.8 4,040.8 4,863.3 4,158.9 4,485.3 5,293.0 5,065.2 6,159.5 5,250.8 5,744.0 7,091.2 6,647.5 7,933.4 6,854.0 7,298.3 8,909.3 8,392.6 10,022.3  8,655.6 9,365.0 12,112.9
1,415.9 1,581.3 1,418.4 1,742.2 1,539.4 1,591.2 1,860.4 1,697.9 2,179.1 1,832.2 2,030.1 2,388.3 2,262.3 2,629.9 2,327.7 2,306.9 2,854.7 2,771.7 3,507.4 2,860.2 2,926.5 3,708.0 3,684.1 4,531.5 3,712.5 3,737.8 4,525.1 4,260.1 5,318.6 4,460.4 4,608.2 5,841.6 5,919.6 7,620.4 5,997.4 6,434.7 8,056.2 7,989.1 10,289.4  8,192.3 8,601.0 10,296.5  10,618.2  13,828.7  10,836.1  10,581.4  12,703.1  13,258.5  17,225.1  13,442.0  13,157.7  16,805.3  17,040.5  22,096.6  17,275.0  18,002.1  22,383.1  22,627.7  29,377.2  23,097.5  23,153.7  29,409.7
803.5 816.7 738.7 914.6 818.4 878.6 907.3 893.6 1,103.4 945.7 1,018.0 1,109.5 1,054.0 1,259.5 1,110.2 1,192.3 1,309.6 1,234.5 1,468.2 1,301.2 1,390.1 1,586.9 1,522.8 1,844.4 1,586.1 1,727.6 1,936.2 1,786.3 2,143.3 1,898.4 2,140.2 2,474.1 2,364.8 2,932.7 2,477.9 2,855.7 3,309.6 3,189.1 3,883.4 3,309.4 3,770.4 4,347.8 4,085.6 5,097.7 4,325.4 4,838.2 5,480.6 5,125.4 6,472.2 5,479.1 6,181.9 7,116.7 6,716.7 8,510.1 7,131.4 7,941.5 9,090.1 8,793.7 10,880.3  9,176.4 10,398.4  12,086.1
684.1 707.8 571.3 1,155.5 779.7 988.5 1,057.1 982.6 1,296.8 1,081.3 1,161.4 1,337.4 1,264.0 1,533.9 1,324.2 1,391.3 1,592.4 1,558.9 1,896.7 1,609.8 1,674.7 1,960.7 1,977.7 2,446.3 2,014.9 0.0 0.0 0.0 0.0 0.0 0.0 0.0 0.0 0.0 0.0 0.0 0.0 0.0 0.0 0.0 0.0 0.0 0.0 0.0 0.0 0.0 0.0 0.0 0.0 0.0 0.0 0.0 0.0 0.0 0.0 0.0 0.0 0.0 0.0 0.0 0.0 0.0
