1,539.7 1,666.5 1,438.2 1,708.3 1,588.2 1,681.0 1,839.5 1,684.2 1,996.4 1,800.3 1,956.1 2,191.3 1,973.9 2,363.0 2,121.1 2,311.5 2,566.0 2,368.2 2,855.1 2,525.2 2,842.2 3,284.2 3,047.8 3,698.0 3,218.0 3,568.1 4,051.6 3,663.0 4,353.7 3,909.1 4,279.2 4,919.1 4,555.0 5,634.5 4,846.9 5,561.5 6,428.8 5,970.9 7,265.6 6,306.7 7,209.6 8,350.7 7,666.5 9,254.8 8,120.4 9,173.8 10,586.9  9,641.0 11,738.7  10,285.1  11,810.5  13,914.4  13,041.8  15,935.7  13,675.6  15,657.8  18,204.0  16,986.2  20,812.1  17,915.0  20,827.9  24,740.0
1,112.9 1,256.4 1,084.5 1,294.8 1,187.1 1,226.5 1,428.3 1,313.1 1,611.2 1,394.8 1,493.7 1,762.7 1,606.0 1,906.9 1,692.3 1,774.5 2,102.0 1,918.7 2,342.4 2,034.4 2,226.5 2,715.5 2,535.8 3,094.3 2,643.0 2,789.8 3,280.2 3,005.0 3,632.1 3,176.8 3,388.1 4,097.8 3,863.5 4,743.8 4,023.3 4,504.8 5,466.2 5,061.5 6,280.8 5,328.3 5,917.9 7,088.4 6,542.0 7,964.6 6,878.2 7,470.3 8,945.9 8,194.6 10,024.1  8,658.7 9,485.7 11,677.2  10,914.8  13,505.7  11,395.8  12,640.7  15,208.3  14,404.7  17,582.8  14,959.1  16,735.9  20,560.3
958.0 1,078.3 947.8 1,092.2 1,019.1 1,001.1 1,182.0 1,149.9 1,401.4 1,183.6 1,264.3 1,443.1 1,387.8 1,656.1 1,437.8 1,515.7 1,697.7 1,660.1 2,085.2 1,739.7 1,893.1 2,180.3 2,152.5 2,718.6 2,236.1 2,379.2 2,703.5 2,522.0 3,110.8 2,678.9 2,718.3 3,220.3 3,273.6 4,144.9 3,339.3 3,591.1 4,199.7 4,411.0 5,541.9 4,435.9 5,061.8 6,400.2 5,868.9 7,310.1 6,160.3 6,435.1 7,552.2 7,428.7 9,347.6 7,690.9 8,262.9 9,848.0 9,912.5 12,267.9  10,072.8  10,833.2  12,663.9  12,615.7  16,526.2  13,159.8  14,457.9  17,761.5
946.8 1,059.7 925.5 1,095.7 1,006.9 1,035.0 1,194.9 1,121.0 1,384.5 1,183.9 1,261.5 1,485.9 1,367.5 1,650.6 1,441.4 1,509.5 1,795.7 1,657.5 2,053.0 1,753.9 1,907.7 2,321.2 2,191.6 2,665.5 2,271.5 2,387.0 2,867.5 2,574.5 3,143.9 2,743.2 2,921.6 3,543.9 3,336.9 4,151.7 3,488.5 3,898.5 4,728.8 4,441.1 5,468.8 4,634.3 5,113.3 6,247.8 5,725.1 7,127.2 6,053.3 6,618.0 7,946.8 7,279.6 9,048.9 7,723.3 8,420.3 10,525.6  9,815.7 12,268.5  10,257.5  11,144.6  13,643.6  12,852.0  15,643.6  13,320.9  14,720.6  18,397.6
836.1 942.2 814.5 965.6 889.6 895.7 1,031.2 955.7 1,191.2 1,018.4 1,122.8 1,324.4 1,203.6 1,450.8 1,275.4 1,324.6 1,552.7 1,435.1 1,797.4 1,527.4 1,669.4 2,037.2 1,912.1 2,326.1 1,986.2 2,113.5 2,476.9 2,202.0 2,669.3 2,365.4 2,476.8 2,967.3 2,812.4 3,538.7 2,948.8 3,277.3 4,007.7 3,734.5 4,630.4 3,912.5 4,369.7 5,332.8 4,971.5 6,194.8 5,217.2 5,680.5 6,877.7 6,323.3 7,734.7 6,654.0 7,257.6 9,052.3 8,286.5 10,443.3  8,759.9 9,471.4 11,464.2  10,710.4  13,065.4  11,177.8  12,205.2  15,262.5
777.7 875.5 779.0 912.2 836.1 854.2 1,005.8 934.7 1,165.4 990.0 1,046.4 1,244.7 1,136.7 1,369.1 1,199.2 1,241.8 1,475.4 1,375.5 1,701.8 1,448.6 1,582.1 1,904.3 1,805.1 2,184.7 1,869.0 1,922.0 2,307.7 2,074.6 2,549.0 2,213.3 2,442.1 3,004.8 2,910.3 3,583.9 2,985.3 3,320.3 4,060.3 3,932.2 4,755.3 4,017.0 4,479.8 5,429.6 5,148.7 6,228.6 5,321.7 5,720.5 6,895.3 6,453.0 7,717.4 6,696.5 7,251.6 9,057.5 8,603.4 10,507.1  8,854.9 9,528.0 11,606.8  11,018.8  13,339.8  11,373.4  12,709.1  16,201.8
1,466.5 1,658.9 1,396.1 1,678.8 1,550.1 1,598.3 1,954.7 1,747.2 2,219.0 1,879.8 2,077.7 2,595.6 2,451.2 2,795.1 2,479.9 2,640.9 3,190.6 3,067.4 3,635.5 3,133.6 3,383.4 4,329.7 4,148.6 5,298.5 4,290.0 4,544.2 5,296.1 5,274.0 6,160.6 5,318.7 5,714.0 7,041.1 6,642.6 7,878.0 6,818.9 7,488.7 9,504.6 9,023.5 10,724.4  9,185.3 9,830.3 11,678.1  11,205.8  13,431.2  11,536.3  12,314.4  14,893.8  13,872.8  16,125.1  14,301.5  15,644.2  19,463.9  18,786.3  22,890.4  19,196.2  22,274.4  26,060.6  23,885.7  28,451.4  25,168.0  27,300.9  32,641.5
849.2 952.4 823.0 967.2 898.0 912.5 1,057.1 984.3 1,200.3 1,038.6 1,118.4 1,318.9 1,214.4 1,430.1 1,270.4 1,359.7 1,598.6 1,477.8 1,785.3 1,555.3 1,750.4 2,105.9 1,976.1 2,307.4 2,035.0 2,181.9 2,560.3 2,318.0 2,668.6 2,432.2 2,645.6 3,208.1 3,024.3 3,622.5 3,125.1 3,551.2 4,266.2 3,971.8 4,758.6 4,136.9 4,626.0 5,593.6 5,184.4 6,175.7 5,394.9 5,937.7 7,110.3 6,554.5 7,878.4 6,870.2 7,560.0 9,401.5 8,737.0 10,628.8  9,081.8 10,068.3  12,319.8  11,432.1  13,762.6  11,895.7  13,445.0  16,650.5
782.8 880.7 778.7 856.1 824.6 802.0 973.0 955.3 1,133.6 966.0 1,047.0 1,213.2 1,127.0 1,388.1 1,193.8 1,233.7 1,485.9 1,405.8 1,700.3 1,456.4 1,580.0 1,966.5 1,881.7 2,310.6 1,934.7 2,029.1 2,474.7 2,199.2 2,638.8 2,335.5 2,479.6 2,953.1 2,788.3 3,423.9 2,911.2 3,208.7 3,936.7 3,747.3 4,680.3 3,893.2 4,269.7 5,255.4 5,034.3 6,069.0 5,157.1 5,571.9 6,817.2 6,319.5 7,700.3 6,602.2 7,172.0 9,136.3 8,414.7 10,272.8  8,748.9 9,420.3 11,821.2  11,316.5  13,582.0  11,535.0  13,041.8  17,001.1
732.7 907.3 863.4 999.1 875.6 835.8 1,060.5 1,024.3 1,245.8 1,041.6 1,043.5 1,327.6 1,286.6 1,512.5 1,292.6 1,299.3 1,640.7 1,618.9 1,881.3 1,610.1 1,646.3 2,149.0 2,070.3 2,401.9 2,066.9 2,096.6 2,644.0 2,485.8 2,888.8 2,528.8 2,560.4 3,323.1 3,119.9 3,750.6 3,188.5 3,352.0 4,472.4 4,304.1 5,204.8 4,333.3 4,524.1 5,849.6 5,491.0 6,524.4 5,597.3 5,864.3 7,341.8 7,126.9 8,200.6 7,133.4 7,300.1 9,472.4 9,333.7 11,091.6  9,299.5 9,526.4 12,527.0  12,235.6  14,643.1  12,233.0  12,878.2  17,016.5
880.6 970.0 855.1 994.7 925.1 947.5 1,096.6 1,009.5 1,246.4 1,075.0 1,154.2 1,382.4 1,257.2 1,489.2 1,320.8 1,376.6 1,610.3 1,536.0 1,912.6 1,608.9 1,801.1 2,217.1 2,139.3 2,546.1 2,175.9 2,306.6 2,752.6 2,461.6 2,964.6 2,621.4 2,817.6 3,451.1 3,276.8 4,066.3 3,402.9 3,820.9 4,554.0 4,299.2 5,362.7 4,509.2 5,115.4 6,065.2 5,712.3 6,983.1 5,969.0 6,464.5 7,775.9 7,208.3 8,786.1 7,558.7 8,440.6 10,363.2  9,874.2 12,094.1  10,193.0  11,205.0  13,404.6  12,776.1  15,590.5  13,244.0  14,559.2  17,978.6
952.4 1,062.8 939.6 1,142.3 1,024.3 959.8 1,188.3 1,096.5 1,367.8 1,153.1 1,137.4 1,376.0 1,325.6 1,608.3 1,361.8 1,353.2 1,682.0 1,561.9 1,982.6 1,644.9 1,654.7 2,089.0 2,019.9 2,540.5 2,076.0 2,067.8 2,471.0 2,333.0 2,926.2 2,449.5 2,383.7 3,026.0 2,988.4 3,832.1 3,057.6 3,155.7 3,953.3 3,906.5 5,033.2 4,012.2 4,332.8 5,447.9 5,336.6 6,787.9 5,476.3 5,339.4 6,799.1 6,747.0 8,569.2 6,863.7 7,208.5 9,123.2 8,716.7 11,016.9  9,016.3 8,527.0 10,872.4  11,344.1  14,283.8  11,256.8  11,455.7  15,578.9
866.6 995.9 892.7 1,007.3 940.6 954.3 1,123.6 1,052.2 1,279.7 1,102.4 1,166.1 1,405.6 1,306.6 1,546.0 1,356.1 1,413.7 1,702.9 1,598.4 1,923.2 1,659.5 1,806.8 2,215.3 2,149.0 2,533.2 2,176.1 2,281.3 2,748.7 2,540.9 3,007.7 2,644.7 2,754.0 3,419.1 3,224.7 3,920.4 3,329.6 3,628.6 4,523.9 4,310.2 5,182.3 4,411.2 4,841.9 5,970.3 5,771.1 6,925.1 5,877.1 6,128.2 7,465.8 6,969.1 8,323.9 7,221.8 7,695.1 9,638.3 9,226.1 11,076.9  9,409.1 10,180.4  12,499.8  11,924.1  14,361.8  12,241.5  13,123.0  16,526.9
832.7 907.3 829.4 961.2 882.6 913.7 1,089.0 956.6 1,198.5 1,039.4 1,100.8 1,282.6 1,191.1 1,465.5 1,260.0 1,338.2 1,569.1 1,456.4 1,799.4 1,540.8 1,666.4 1,982.0 1,870.3 2,295.1 1,953.5 2,055.0 2,389.6 2,161.3 2,754.8 2,340.2 2,470.6 2,968.0 2,813.7 3,570.1 2,955.6 3,376.4 3,926.7 3,697.4 4,647.8 3,912.1 4,285.2 5,118.4 4,866.5 6,482.1 5,188.0 5,553.5 6,464.4 6,077.1 7,445.7 6,385.2 6,897.3 8,354.2 8,046.9 10,059.1  8,339.4 9,429.5 11,018.4  10,533.4  13,100.1  11,020.4  12,163.2  14,867.8
1,613.3 1,794.5 1,575.2 1,760.1 1,685.8 1,701.9 1,982.6 1,809.4 2,322.4 1,954.1 2,134.8 2,571.4 2,342.7 2,790.8 2,459.9 2,614.8 3,077.3 3,079.3 3,633.4 3,101.2 3,432.4 4,324.5 4,214.7 4,820.1 4,197.9 4,336.4 5,136.6 4,902.9 5,825.5 5,050.3 5,364.3 6,675.3 6,226.8 7,570.0 6,459.1 7,097.8 9,354.8 8,288.3 10,021.4  8,690.6 9,246.5 11,259.3  10,448.3  12,904.0  10,964.5  11,949.2  14,869.6  13,872.9  16,759.2  14,362.7  16,399.3  20,361.8  19,317.5  23,811.0  19,972.4  23,172.4  27,303.3  25,209.9  29,392.9  26,269.6  27,765.4  33,413.7
963.3 1,076.6 967.1 1,094.2 1,025.3 1,096.0 1,259.8 1,168.8 1,399.0 1,230.9 1,342.8 1,570.0 1,472.3 1,721.1 1,526.6 1,646.5 1,932.1 1,843.3 2,199.2 1,905.3 2,070.9 2,571.0 2,479.1 2,873.3 2,498.6 2,598.3 3,115.3 2,865.1 3,348.0 2,981.7 3,122.8 3,795.5 3,687.5 4,382.5 3,747.1 4,107.5 5,158.7 4,878.0 5,952.5 5,024.2 5,370.6 6,769.1 6,479.9 7,722.0 6,585.4 6,944.5 8,733.2 8,221.7 9,834.9 8,433.6 8,988.9 11,595.4  11,103.0  13,501.8  11,297.3  12,326.8  15,341.9  14,711.3  17,543.2  14,980.8  15,920.9  20,013.9
804.2 931.6 825.2 937.6 874.7 877.3 1,106.4 1,056.8 1,231.7 1,068.1 1,117.5 1,408.6 1,297.2 1,481.8 1,326.3 1,341.2 1,669.2 1,540.8 1,827.0 1,594.6 1,692.9 2,178.6 2,025.8 2,361.6 2,064.7 2,122.2 2,577.3 2,368.6 2,782.1 2,462.6 2,604.1 3,237.8 3,008.4 3,594.0 3,111.1 3,341.2 4,145.8 3,880.2 4,673.4 4,010.2 4,382.0 5,440.5 5,032.7 6,043.9 5,224.8 5,652.7 6,925.8 6,455.4 7,575.9 6,652.5 7,130.4 8,916.2 8,398.5 10,188.1  8,658.3 9,485.9 11,774.0  11,077.0  13,296.7  11,408.4  12,449.3  15,985.7
854.6 979.1 891.9 1,058.2 946.0 978.4 1,193.1 1,134.6 1,347.4 1,163.4 1,200.4 1,409.7 1,317.3 1,587.8 1,378.8 1,441.4 1,702.1 1,598.3 1,989.4 1,682.8 1,802.6 2,200.0 2,094.9 2,505.7 2,150.8 2,243.5 2,639.8 2,432.3 2,870.0 2,546.4 2,679.6 3,284.6 3,086.4 3,784.0 3,208.7 3,654.5 4,531.5 4,339.4 5,386.4 4,477.9 5,418.3 6,713.3 6,459.2 7,694.0 6,571.2 7,463.7 9,090.9 8,209.8 9,641.3 8,601.4 8,519.5 10,146.6  9,389.1 11,413.9  9,867.3 10,793.2  12,681.2  11,972.8  14,315.6  12,440.7  14,051.1  16,692.0
1,014.6 1,162.6 1,012.0 1,221.9 1,102.8 1,127.4 1,342.9 1,237.3 1,567.6 1,318.8 1,387.7 1,677.2 1,533.8 1,855.7 1,613.6 1,644.1 2,030.3 1,835.9 2,261.7 1,943.0 2,092.8 2,572.2 2,422.6 2,963.8 2,512.8 2,605.5 3,092.7 2,833.4 3,476.8 3,002.1 3,167.1 3,952.7 3,713.7 4,557.6 3,847.8 4,207.2 5,198.8 4,837.2 6,092.8 5,084.0 5,620.1 6,731.4 6,288.6 7,803.2 6,610.8 7,241.5 8,695.4 7,926.5 9,767.1 8,407.6 8,754.1 10,897.5  10,209.1  12,840.7  10,675.3  11,236.6  13,616.0  12,819.0  16,208.5  13,470.0  14,940.8  19,356.1
1,611.9 1,931.7 1,593.9 1,790.7 1,732.0 1,797.1 2,215.1 1,933.3 2,408.5 2,088.5 2,383.4 2,999.3 2,839.9 3,047.2 2,817.4 2,983.3 3,763.2 3,516.5 4,130.4 3,598.3 3,877.0 5,149.7 4,996.3 5,713.5 4,934.1 5,169.9 6,312.4 6,210.9 6,926.6 6,154.9 6,423.4 8,027.1 7,826.3 8,974.4 7,812.8 8,514.6 11,084.7  10,417.9  12,099.4  10,529.2  10,880.2  13,498.3  13,094.7  15,410.5  13,220.9  14,363.5  17,429.2  16,814.2  19,369.6  16,994.2  18,801.4  22,821.7  22,870.6  26,937.6  22,857.8  26,133.6  30,297.5  29,576.4  33,843.3  29,962.7  32,047.5  39,560.3
960.7 1,119.9 953.4 1,128.9 1,040.7 1,070.9 1,238.8 1,159.2 1,420.4 1,222.3 1,328.1 1,552.3 1,445.5 1,724.5 1,512.6 1,609.5 1,915.5 1,773.6 2,177.9 1,869.1 2,057.4 2,493.9 2,358.9 2,835.7 2,436.5 2,559.3 3,031.7 2,771.5 3,336.7 2,924.8 3,146.9 3,837.2 3,582.5 4,414.2 3,745.2 4,200.9 5,076.0 4,736.2 5,801.7 4,953.7 5,499.9 6,630.3 6,096.5 7,456.9 6,420.9 6,987.9 8,427.8 7,747.9 9,461.2 8,156.2 8,910.3 11,148.2  10,340.7  12,698.6  10,774.5  11,810.5  14,402.9  13,687.3  16,577.1  14,119.4  15,760.2  19,396.3
732.3 820.9 736.9 847.2 784.3 798.4 943.7 880.9 1,071.7 923.7 1,000.8 1,186.8 1,084.4 1,298.3 1,142.6 1,192.8 1,435.6 1,324.0 1,632.9 1,396.3 1,513.5 1,860.1 1,753.1 2,097.0 1,805.9 1,879.9 2,248.1 2,046.5 2,463.6 2,159.5 2,309.0 2,764.9 2,630.0 3,229.9 2,733.5 3,030.1 3,759.4 3,571.3 4,319.4 3,670.1 4,052.7 4,908.6 4,677.1 5,657.2 4,823.9 5,209.7 6,173.6 5,880.9 7,169.7 6,108.4 6,704.5 8,343.7 7,810.2 9,343.9 8,050.6 8,595.6 10,550.2  9,886.5 11,871.1  10,225.9  11,078.4  14,357.4
1,551.7 1,753.0 1,578.6 1,942.7 1,706.5 1,747.9 2,068.0 1,904.3 2,451.9 2,043.0 2,264.7 2,668.5 2,519.4 2,948.1 2,600.2 2,576.6 3,206.7 3,104.3 3,915.9 3,200.9 3,344.1 4,247.8 4,223.2 5,202.1 4,254.3 4,298.0 5,207.3 4,875.6 6,107.7 5,122.2 5,301.2 6,688.6 6,735.9 8,633.1 6,839.7 7,326.4 9,146.5 9,109.6 11,694.6  9,319.3 9,749.7 11,773.2  12,079.5  15,680.1  12,320.6  12,155.9  14,603.9  15,021.3  19,569.8  15,337.7  15,126.6  19,416.7  19,631.6  25,471.0  19,911.5  20,860.7  26,051.4  26,195.0  33,924.1  26,757.8  26,924.4  34,201.4
865.5 900.2 818.0 1,008.6 898.1 943.6 1,000.1 991.5 1,234.2 1,042.3 1,126.2 1,243.2 1,181.6 1,420.3 1,242.8 1,333.0 1,475.3 1,388.9 1,651.3 1,462.1 1,585.9 1,837.5 1,759.4 2,127.5 1,827.6 1,986.2 2,233.7 2,061.5 2,473.0 2,188.6 2,454.3 2,853.9 2,730.2 3,383.6 2,855.5 3,282.0 3,819.0 3,687.8 4,511.4 3,825.0 4,363.9 5,060.7 4,753.4 5,952.1 5,032.5 5,637.8 6,397.3 5,976.6 7,558.7 6,392.6 7,216.2 8,373.6 7,896.7 10,043.0  8,382.4 9,342.0 10,760.3  10,359.9  12,902.3  10,841.1  12,292.1  14,309.7
686.9 724.0 633.5 1,297.9 835.6 1,089.4 1,182.4 1,099.8 1,447.7 1,204.8 1,281.0 1,495.0 1,411.8 1,715.8 1,475.9 1,541.5 1,790.6 1,751.6 2,136.4 1,805.0 1,913.7 2,256.9 2,270.4 2,813.3 2,313.6 0.0 0.0 0.0 0.0 0.0 0.0 0.0 0.0 0.0 0.0 0.0 0.0 0.0 0.0 0.0 0.0 0.0 0.0 0.0 0.0 0.0 0.0 0.0 0.0 0.0 0.0 0.0 0.0 0.0 0.0 0.0 0.0 0.0 0.0 0.0 0.0 0.0
